energy0
71.06963 7.700000
107.08249 6.400000
121.10465 8.700000
123.10526 7.700000
133.10515 15.100000
135.1165 6.400000
137.13234 5.500000
147.11588 7.400000
147.12146 5.800000
149.12863 5.800000
161.13533 19.600000
163.14793 14.100000
164.15503 7.700000
173.12798 6.100000
175.13443 7.400000
175.14763 6.400000
177.16472 14.500000
178.15854 8.700000
185.13341 6.400000
187.14854 12.900000
189.1628 10.300000
189.1687 21.200000
191.18356 11.900000
192.19316 6.400000
193.16087 11.60000
201.16898 5.800000
203.16878 9.000000
203.179 26.400000
203.19046 10.300000
204.18051 7.700000
204.1913 7.100000
205.1539 6.100000
205.16736 11.900000
205.19719 11.600000
206.15448 6.400000
207.17291 19.600000
207.18587 11.900000
208.18057 13.200000
216.17879 6.800000
222.19405 7.400000
231.17532 9.000000
233.19249 6.800000
247.16046 5.500000
267.17273 6.400000
324.28058 7.700000
349.28433 8.000000
375.46722 7.100000
381.34262 7.100000
391.33182 6.800000
392.33908 18.300000
409.33063 19.000000
409.34772 100.000000
409.35947 28.300000
410.34534 17.000000
410.36133 29.900000
410.37891 5.500000
411.32861 6.100000
411.36859 15.80000
412.34894 9.300000
427.36331 12.20000
437.32886 37.600000
437.35199 14.100000
438.34506 5.800000
439.32047 5.800000
439.35138 6.400000
439.36945 7.100000
455.33713 11.600000
455.36435 14.500000
473.34592 32.200000
473.36807 61.700000